<?xml version="1.0"?>
<opencv_storage>
<R type_id="opencv-matrix">
  <rows>3</rows>
  <cols>3</cols>
  <dt>d</dt>
  <data>
    9.9926188914324554e-01 -5.6041810682264728e-03
    3.8003553260538954e-02 5.9010400544472971e-03 9.9995291440626533e-01
    -7.7036807236522961e-03 -3.7958591019002501e-02
    7.9222550432749457e-03 9.9924790880085479e-01</data></R>
<T type_id="opencv-matrix">
  <rows>3</rows>
  <cols>1</cols>
  <dt>d</dt>
  <data>
    -6.4438318459989262e+01 4.9981989284415207e-01
    2.9438445704168741e+00</data></T>
<R1 type_id="opencv-matrix">
  <rows>3</rows>
  <cols>3</cols>
  <dt>d</dt>
  <data>
    9.9987732359162018e-01 -1.3707595896317860e-02
    -7.5788905521747239e-03 1.3680045718681973e-02
    9.9989966999415825e-01 -3.6750911156486414e-03
    7.6285068259368122e-03 3.5709606994194674e-03 9.9996452643245792e-01</data></R1>
<R2 type_id="opencv-matrix">
  <rows>3</rows>
  <cols>3</cols>
  <dt>d</dt>
  <data>
    9.9892809836231256e-01 -7.7482489769263117e-03
    -4.5635720001394299e-02 7.9266630067590799e-03
    9.9996162735083938e-01 3.7298578308576358e-03 4.5605068970799467e-02
    -4.0875987636622658e-03 9.9895118460338994e-01</data></R2>
<P1 type_id="opencv-matrix">
  <rows>3</rows>
  <cols>4</cols>
  <dt>d</dt>
  <data>
    3.8919731960148357e+02 0. 3.6222608184814453e+02 0. 0.
    3.8919731960148357e+02 2.3418228340148926e+02 0. 0. 0. 1. 0.</data></P1>
<P2 type_id="opencv-matrix">
  <rows>3</rows>
  <cols>4</cols>
  <dt>d</dt>
  <data>
    3.8919731960148357e+02 0. 3.6222608184814453e+02
    -2.5106132128399047e+04 0. 3.8919731960148357e+02
    2.3418228340148926e+02 0. 0. 0. 1. 0.</data></P2>
<Q type_id="opencv-matrix">
  <rows>4</rows>
  <cols>4</cols>
  <dt>d</dt>
  <data>
    1. 0. 0. -3.6222608184814453e+02 0. 1. 0. -2.3418228340148926e+02 0.
    0. 0. 3.8919731960148357e+02 0. 0. 1.5502082025659348e-02 0.</data></Q>
</opencv_storage>
